[Variables]
idex_applied_offset = 0
idex_xcontrolpoint = 162.25715705239233
idex_xoffset = 0.07633441810358477
idex_ycontrolpoint = 429.6547715765418
idex_yoffset = 0.002492938381976728
idex_zcontrolpoint = -2.2800000000054106
idex_zoffset = 0.026874999997265725
idex_zoffsetcontrolpoint = -5.199999999994153
nozzle_expansion_applied_offset = 0
nozzle_expansion_coefficient_multiplier = 0.006869108244811551
nozzle_expansion_coefficient_t0 = 0.12999999995777145
nozzle_expansion_coefficient_t1 = 0.10062499997326224
t0_filament = ('', '', 0)
t1_filament = ('unknown', 'unknown', 220)

