[Variables]
idex_applied_offset = 1
idex_xcontrolpoint = 162.30343573393637
idex_xoffset = 0.13418284947655934
idex_ycontrolpoint = 429.6576639345561
idex_yoffset = -0.0032919365324914907
idex_zcontrolpoint = -2.4800000000054108
idex_zoffset = 0.026874999997265725
idex_zoffsetcontrolpoint = -5.199999999994153
nozzle_expansion_applied_offset = 0.0007257642177980227
nozzle_expansion_coefficient_multiplier = 0.006869108244811551
nozzle_expansion_coefficient_t0 = 0.12999999995777145
nozzle_expansion_coefficient_t1 = 0.10062499997326224
t0_filament = ('', '', 0)
t1_filament = ('', '', 0)

